
TREE MAX DEPTH 

Music - Trees Max Depth        : [5, 10, 15, 20, 25, 30, 35, 40, 45, 50, 60, 70, 80, 90, 100]
Music - Accuracy test          : [0.9216924684205527, 0.9439009719188274, 0.9639566910437838, 0.9748947351758634, 0.980007598062494, 0.9818121379048342, 0.9831259695444329, 0.9841865324342293, 0.984281508215405, 0.9845506062620698, 0.9852154367303004, 0.9855953398550037, 0.9859910722765695, 0.9854687054801026, 0.9856586570424541]
Music - Accuracy training      : [0.9242434690359369, 0.9508765415727357, 0.9811696061530301, 0.9900119347566636, 0.995825487335897, 0.9978199177827874, 0.9988913937143615, 0.9994165230075587, 0.9996764354860098, 0.9998833046015118, 0.9999893913274102, 0.999994695663705, 0.999994695663705, 0.999994695663705, 0.999994695663705]
Speech - Trees Max Depth       : [5, 10, 15, 20, 25, 30, 35, 40, 45, 50, 60, 70, 80, 90, 100]
Speech - Accuracy test         : [0.8967613258619053, 0.9098046664767151, 0.9187323899072403, 0.9220407129515307, 0.9237186184189699, 0.9244151074809257, 0.9237186184189699, 0.9245259125589641, 0.9238294234970083, 0.9235919840440687, 0.9243201316997499, 0.9245100832621015, 0.9243359609966125, 0.9247000348244531, 0.9245259125589641]
Speech - Accuracy training     : [0.8974300490651107, 0.9212942580559608, 0.9586102638907307, 0.9794828272112452, 0.9887388940458826, 0.9936719268001591, 0.9972258321177563, 0.9990505238032091, 0.9998726959289219, 0.9999734783185253, 0.9999734783185253, 0.9999734783185253, 0.9999734783185253, 0.9999734783185253, 0.9999734783185253]

NUMBER OF ESTIMATORS

Music - Estimators nr         : [1, 5, 10, 15, 20, 25, 30, 35, 40, 45, 50, 75, 100, 200]
Music - Accuracy test         : [0.93441922309811, 0.9713014847880457, 0.9758444929876214, 0.9811947953271916, 0.9810998195460158, 0.9831417988412955, 0.9830468230601197, 0.9843448254028556, 0.9844239718871688, 0.9850096558710862, 0.9845980941526578, 0.9856744863393168, 0.9856586570424541, 0.9863393168075474]
Music - Accuracy training     : [0.9761517040180347, 0.9975069619413871, 0.998992176103965, 0.9998143482296777, 0.9998886089378066, 0.9999522609733457, 0.9999734783185253, 0.9999840869911152, 0.9999840869911152, 0.999994695663705, 0.9999893913274102, 0.999994695663705, 0.999994695663705, 1.0]
Speech - Estimators nr         : [1, 5, 10, 15, 20, 25, 30, 35, 40, 45, 50, 75, 100, 200]
Speech - Accuracy test         : [0.8596891126096179, 0.9046443156994967, 0.9140785766296261, 0.9181625352201855, 0.9200620508437015, 0.9216608098268275, 0.9223414695919208, 0.922848007091525, 0.9224997625605471, 0.9235128375597556, 0.9236394719346567, 0.9243676195903378, 0.9245259125589641, 0.92492164498053]
Speech - Accuracy training     : [0.9476462007691288, 0.9889457631613844, 0.9935552314016709, 0.9976183530035805, 0.9980480042434691, 0.9990770454846837, 0.9992043495557619, 0.9995650444238164, 0.9996393051319453, 0.9998249569022676, 0.9998514785837422, 0.9999522609733457, 0.9999734783185253, 0.9999734783185253]


MIN SAMPLES LEAF

Music Data - Min Samples Leaf      : [1, 2, 3, 4, 5, 10, 15, 20, 25, 30, 35, 40, 45, 50, 60, 70, 80, 90, 100, 125, 150, 175, 200, 250, 300, 400, 500]
Music Data - Accuracy test         : [0.9856586570424541, 0.9828093836071802, 0.9804983062652357, 0.9787729129072087, 0.976683445721341, 0.9703358976794251, 0.9662202804951404, 0.963687592997119, 0.9612815398739988, 0.9593820242504828, 0.9577199480799062, 0.9564061164403077, 0.9548231867540444, 0.9543166492544402, 0.9527970367556273, 0.9510874726944629, 0.9498527875391775, 0.9485706144933042, 0.9474783930097825, 0.9454364137145028, 0.9440117769968658, 0.9429512141070694, 0.941542406686295, 0.9401335992655206, 0.9393263051255263, 0.9374901066894609, 0.9356064203628075]
Music Data - Accuracy training     : [0.999994695663705, 0.9998833046015118, 0.9993051319453653, 0.9983238297308049, 0.9966264421164301, 0.9884100251955974, 0.9823577774830924, 0.9778703089775892, 0.9741944039252088, 0.9716164964858772, 0.9690545020554303, 0.9668585068293329, 0.9651027715157141, 0.9633947752287495, 0.9611987800026521, 0.9584829598196526, 0.9571568757459223, 0.9555867922026257, 0.9539424479512001, 0.9510197586526986, 0.9487388940458825, 0.9473756796180878, 0.9462087256332051, 0.9441771648322503, 0.9430420368651372, 0.940639172523538, 0.9387083941121868]

